#Assignment2.py
# GMT Fri Mar 03 14:38:04 2017
# 
3930304512 422254477
44216834 1705133024 98481412 542024774 452540168 840888300 422254477
14941706 321278412
43192340 1382627982
379476398 321278412
31115798 3306013552 229126604 976272816 378933683 248086619 78496061
61003804 840888300
3328367139 602188858
17489445 434129698 2788327571 378933683 2393126580 987910614 856329306
2975118374 542024774 321278412 1382627982 22159217 50747606 67775291
2158166573 249974958
55697455 452540168
630437937 542024774
602188858 82429450 2860898992 1416993139 2832451299 2392757179
82429450
2506480195 452540168
542024774 378933683 2392757179
3365366345 53103297
2335644942 67775291
162281048 334153506
856329306
248086619
1633044060 422254477
4005197413 53103297
35767916 22159217
2258440815 2392757179
68330103 98481412
41187965 2392757179
766058630 67775291
1382627982 580857186 16074627 744150240136044544 291062420
193826447 1705133024
2788327571
291062420
384368286 452540168
1155615906 22159217
326371495 2392757179
487988395 334153506
249974958 1559701963 281703857 378933683 613806807 58851226
2860898992
744150240136044544 67775291
2393126580
30892730 321278412
53103297 52528002 378933683 337292012
2446841540 422254477
321278412 403179950 68433206
37599351 840888300
434129698
1678599378 50747606
50747606 196415460 404015430 28428838 2610287832
613806807
2610287832
271816927 334153506
2832451299
225818852 840888300
28428838
337292012
827657976 67775291
98481412 484782496 5800582 310072711 128199480
452540168 820791355484106753 1223316246
886878990 1705133024
1223316246
1235351514 422254477
1055653662 422254477
334153506 731492792 378933683 2181453624
5800582
68433206
2181453624
67775291 81994188
78496061
404015430
128199480
15274836 22159217
580857186
820791355484106753
476946794 840888300
3306013552
22159217 109237155 403179950
1416993139
2379862393 2392757179
229126604
52528002
16074627
87403396 840888300
310072711
422254477
58851226
484782496
109237155
2467920806 1705133024
403179950
976272816
281703857
378933683
731492792
2392757179
2985197002 1705133024
1559701963
81994188
987910614
1384245210 1705133024
1705133024
196415460
840888300

number of nodes: 103
number of edges: 104
diameter: 6
average distance: 4.75157053113